0 0.874375 0.6122222222222222 0.08875 0.1711111111111111
0 0.240625 0.4911111111111111 0.07625 0.14666666666666667
0 0.549375 0.42333333333333334 0.05625 0.10888888888888888
0 0.2725 0.35777777777777775 0.0425 0.08888888888888889
0 0.483125 0.42444444444444446 0.05375 0.09777777777777778
0 0.564375 0.6188888888888889 0.09125 0.1622222222222222
0 0.71 0.3244444444444444 0.0425 0.08444444444444445
0 0.55875 0.2811111111111111 0.04 0.08222222222222222
0 0.545625 0.31777777777777777 0.03625 0.08888888888888889
0 0.160625 0.4855555555555556 0.06875 0.14888888888888888
0 0.765 0.41555555555555557 0.0575 0.11555555555555555
0 0.899375 0.5 0.07125 0.1288888888888889
0 0.740625 0.28555555555555556 0.03375 0.07777777777777778
0 0.8125 0.5011111111111111 0.0625 0.13555555555555557
0 0.305 0.31333333333333335 0.0375 0.08444444444444445
0 0.330625 0.27555555555555555 0.03875 0.07555555555555556
0 0.484375 0.35777777777777775 0.05125 0.10222222222222223
0 0.55375 0.35888888888888887 0.05 0.09555555555555556
0 0.844375 0.4255555555555556 0.05125 0.09555555555555556
0 0.225625 0.4111111111111111 0.05875 0.11555555555555555
0 0.38625 0.28444444444444444 0.035 0.06666666666666667
0 0.36625 0.31333333333333335 0.0425 0.08888888888888889
0 0.061875 0.5944444444444444 0.09125 0.17555555555555555
0 0.336875 0.3522222222222222 0.05125 0.1
0 0.455 0.49777777777777776 0.09 0.1511111111111111
0 0.164375 0.6155555555555555 0.08875 0.1511111111111111
0 0.76625 0.3211111111111111 0.0425 0.08666666666666667
0 0.3025 0.41333333333333333 0.06 0.12
0 0.73375 0.3611111111111111 0.045 0.09555555555555556
0 0.7975 0.3488888888888889 0.0475 0.10222222222222223
0 0.555625 0.49666666666666665 0.06875 0.14
0 0.96875 0.5933333333333334 0.0575 0.17333333333333334
0 0.439375 0.6055555555555555 0.09375 0.18888888888888888
0 0.689375 0.29 0.04125 0.06888888888888889
0 0.4975 0.28555555555555556 0.0425 0.07333333333333333
