0 0.326875 0.2777777777777778 0.04375 0.08444444444444445
0 0.496875 0.2833333333333333 0.04375 0.07333333333333333
0 0.8775 0.6166666666666667 0.085 0.14888888888888888
0 0.48875 0.35777777777777775 0.0575 0.10222222222222223
0 0.73875 0.28888888888888886 0.03 0.06666666666666667
0 0.896875 0.49444444444444446 0.06375 0.13555555555555557
0 0.548125 0.4311111111111111 0.05625 0.09777777777777778
0 0.79875 0.3566666666666667 0.0475 0.09111111111111111
0 0.063125 0.6011111111111112 0.10875 0.14888888888888888
0 0.55375 0.35333333333333333 0.06 0.10666666666666667
0 0.684375 0.29555555555555557 0.04125 0.057777777777777775
0 0.218125 0.41333333333333333 0.06625 0.10666666666666667
0 0.183125 0.6033333333333334 0.08625 0.15333333333333332
0 0.816875 0.5077777777777778 0.08375 0.11333333333333333
0 0.155625 0.49777777777777776 0.07125 0.12
0 0.240625 0.4922222222222222 0.07625 0.13555555555555557
0 0.46125 0.4955555555555556 0.0975 0.14222222222222222
0 0.36875 0.31333333333333335 0.04 0.08444444444444445
0 0.851875 0.42444444444444446 0.05125 0.09777777777777778
0 0.378125 0.28 0.04125 0.08
0 0.445 0.6188888888888889 0.0975 0.15333333333333332
0 0.335625 0.3511111111111111 0.05375 0.09777777777777778
0 0.555625 0.2922222222222222 0.04375 0.06
0 0.300625 0.42 0.05875 0.10222222222222223
0 0.76875 0.3011111111111111 0.0425 0.11333333333333333
0 0.55625 0.5055555555555555 0.0675 0.11333333333333333
0 0.963125 0.6088888888888889 0.06625 0.1511111111111111
0 0.56625 0.6144444444444445 0.085 0.15777777777777777
0 0.275625 0.36333333333333334 0.04875 0.07777777777777778
0 0.326875 0.2777777777777778 0.04375 0.08
0 0.765625 0.41444444444444445 0.05125 0.10444444444444445
0 0.481875 0.43 0.06375 0.09111111111111111
