0 0.335625 0.35 0.05375 0.10444444444444445
0 0.739375 0.2911111111111111 0.02625 0.06222222222222222
0 0.45875 0.4922222222222222 0.1 0.13555555555555557
0 0.44125 0.6155555555555555 0.095 0.16444444444444445
0 0.555625 0.5011111111111111 0.06625 0.11333333333333333
0 0.555 0.28555555555555556 0.045 0.06444444444444444
0 0.368125 0.31222222222222223 0.03375 0.08222222222222222
0 0.3775 0.28 0.0375 0.07555555555555556
0 0.184375 0.6022222222222222 0.08625 0.15555555555555556
0 0.29875 0.42777777777777776 0.0675 0.08666666666666667
0 0.4825 0.4311111111111111 0.0625 0.08888888888888889
0 0.4975 0.2833333333333333 0.045 0.07333333333333333
0 0.68625 0.2922222222222222 0.045 0.06888888888888889
0 0.81875 0.5055555555555555 0.0875 0.11777777777777777
0 0.156875 0.4955555555555556 0.07375 0.12444444444444444
0 0.24 0.4911111111111111 0.0775 0.13777777777777778
0 0.33 0.27555555555555555 0.0375 0.07555555555555556
0 0.063125 0.6011111111111112 0.11375 0.14888888888888888
0 0.769375 0.3011111111111111 0.04125 0.11333333333333333
0 0.846875 0.42333333333333334 0.05875 0.09555555555555556
0 0.2175 0.41444444444444445 0.065 0.10888888888888888
0 0.553125 0.35555555555555557 0.05875 0.10222222222222223
0 0.87875 0.6166666666666667 0.085 0.14888888888888888
0 0.3075 0.3111111111111111 0.0425 0.08888888888888889
0 0.274375 0.36444444444444446 0.04375 0.07555555555555556
0 0.964375 0.6088888888888889 0.06625 0.15555555555555556
0 0.335625 0.3488888888888889 0.05375 0.10222222222222223
0 0.48875 0.35777777777777775 0.055 0.10222222222222223
0 0.56625 0.61 0.085 0.1711111111111111
0 0.79875 0.35777777777777775 0.045 0.09333333333333334
0 0.55 0.42777777777777776 0.055 0.1
0 0.901875 0.5 0.06875 0.1288888888888889
0 0.765625 0.41333333333333333 0.05125 0.10666666666666667
