0 0.77375 0.3088888888888889 0.0425 0.09333333333333334
0 0.241875 0.49333333333333335 0.07875 0.14222222222222222
0 0.33625 0.3522222222222222 0.055 0.10444444444444445
0 0.4975 0.2833333333333333 0.045 0.07333333333333333
0 0.06125 0.6044444444444445 0.1125 0.1511111111111111
0 0.19 0.6088888888888889 0.0925 0.1511111111111111
0 0.273125 0.3622222222222222 0.04375 0.08
0 0.33125 0.27555555555555555 0.035 0.06666666666666667
0 0.905625 0.5044444444444445 0.06625 0.12
0 0.155 0.4988888888888889 0.07 0.13111111111111112
0 0.44125 0.6133333333333333 0.095 0.1688888888888889
0 0.219375 0.4166666666666667 0.06875 0.10888888888888888
0 0.48875 0.3566666666666667 0.0575 0.09555555555555556
0 0.845 0.42444444444444446 0.06 0.10222222222222223
0 0.3 0.4255555555555556 0.0575 0.1
0 0.30875 0.31333333333333335 0.0425 0.08444444444444445
0 0.878125 0.6188888888888889 0.08625 0.14888888888888888
0 0.554375 0.36 0.05875 0.10666666666666667
0 0.459375 0.49333333333333335 0.08625 0.14222222222222222
0 0.81875 0.5066666666666667 0.0875 0.12
0 0.550625 0.4288888888888889 0.05625 0.09333333333333334
0 0.7975 0.35888888888888887 0.05 0.09555555555555556
0 0.74 0.2911111111111111 0.0325 0.07111111111111111
0 0.37875 0.2811111111111111 0.04 0.07777777777777778
0 0.48125 0.43333333333333335 0.065 0.08888888888888889
0 0.55625 0.5022222222222222 0.0675 0.12444444444444444
0 0.743125 0.3622222222222222 0.03625 0.08888888888888889
0 0.3675 0.31666666666666665 0.035 0.08222222222222222
0 0.76375 0.41555555555555557 0.0575 0.11555555555555555
0 0.555 0.3322222222222222 0.05 0.06888888888888889
0 0.683125 0.29777777777777775 0.04375 0.07111111111111111
0 0.566875 0.6144444444444445 0.08375 0.18
0 0.5575 0.2866666666666667 0.045 0.06666666666666667
0 0.963125 0.6122222222222222 0.06625 0.15333333333333332
