0 0.548125 0.43444444444444447 0.06125 0.09555555555555556
0 0.3875 0.28555555555555556 0.0325 0.06444444444444444
0 0.740625 0.3655555555555556 0.05375 0.08666666666666667
0 0.49625 0.2877777777777778 0.0475 0.06888888888888889
0 0.761875 0.42 0.06125 0.10666666666666667
0 0.964375 0.6166666666666667 0.06375 0.14
0 0.84375 0.4266666666666667 0.0575 0.09333333333333334
0 0.8775 0.6155555555555555 0.085 0.16
0 0.553125 0.2922222222222222 0.04375 0.06
0 0.48875 0.3611111111111111 0.06 0.09555555555555556
0 0.76875 0.3211111111111111 0.045 0.08666666666666667
0 0.335625 0.3522222222222222 0.05375 0.1
0 0.22625 0.41444444444444445 0.055 0.10888888888888888
0 0.55375 0.32222222222222224 0.0575 0.08
0 0.565625 0.6166666666666667 0.08875 0.16666666666666666
0 0.81875 0.5133333333333333 0.0875 0.10222222222222223
0 0.45 0.49777777777777776 0.1025 0.14222222222222222
0 0.44375 0.6144444444444445 0.0975 0.1711111111111111
0 0.708125 0.3244444444444444 0.04625 0.08
0 0.74 0.29 0.035 0.06888888888888889
0 0.555625 0.5088888888888888 0.06875 0.11555555555555555
0 0.555625 0.36333333333333334 0.05875 0.09555555555555556
0 0.17875 0.6044444444444445 0.105 0.15555555555555556
0 0.368125 0.3188888888888889 0.04125 0.07777777777777778
0 0.3325 0.2777777777777778 0.0375 0.08
0 0.239375 0.4888888888888889 0.07125 0.14222222222222222
0 0.799375 0.3688888888888889 0.04875 0.07555555555555556
0 0.9025 0.5066666666666667 0.075 0.11555555555555555
0 0.063125 0.6066666666666667 0.10875 0.15555555555555556
0 0.683125 0.29555555555555557 0.04375 0.07111111111111111
0 0.273125 0.3433333333333333 0.05125 0.12222222222222222
0 0.15 0.5033333333333333 0.0775 0.11333333333333333
0 0.480625 0.4288888888888889 0.05125 0.09333333333333334
0 0.309375 0.31666666666666665 0.03625 0.07777777777777778
