0 0.899375 0.5044444444444445 0.06625 0.12444444444444444
0 0.7375 0.3622222222222222 0.0475 0.08888888888888889
0 0.551875 0.29 0.04125 0.05555555555555555
0 0.4875 0.35777777777777775 0.06 0.09777777777777778
0 0.440625 0.6088888888888889 0.09875 0.17777777777777778
0 0.799375 0.35888888888888887 0.04625 0.09111111111111111
0 0.7075 0.3244444444444444 0.045 0.08
0 0.151875 0.49777777777777776 0.08125 0.12
0 0.4975 0.28555555555555556 0.045 0.07333333333333333
0 0.554375 0.3622222222222222 0.05875 0.08444444444444445
0 0.38 0.2822222222222222 0.04 0.07111111111111111
0 0.546875 0.43555555555555553 0.06125 0.08888888888888889
0 0.875625 0.6155555555555555 0.08875 0.14666666666666667
0 0.565 0.6122222222222222 0.0875 0.1711111111111111
0 0.845 0.4211111111111111 0.0625 0.1
0 0.330625 0.2777777777777778 0.03625 0.07555555555555556
0 0.169375 0.6088888888888889 0.09875 0.1688888888888889
0 0.551875 0.3211111111111111 0.05875 0.07777777777777778
0 0.239375 0.4922222222222222 0.07125 0.14444444444444443
0 0.768125 0.32 0.04125 0.08444444444444445
0 0.73875 0.2911111111111111 0.035 0.06666666666666667
0 0.068125 0.6044444444444445 0.08375 0.14666666666666667
0 0.555 0.5044444444444445 0.0675 0.10666666666666667
0 0.4525 0.49777777777777776 0.105 0.14666666666666667
0 0.965 0.61 0.065 0.15333333333333332
0 0.480625 0.4288888888888889 0.05375 0.09333333333333334
0 0.765625 0.4166666666666667 0.05625 0.10888888888888888
0 0.368125 0.31777777777777777 0.04125 0.08
0 0.686875 0.29 0.03625 0.06444444444444444
0 0.33625 0.3522222222222222 0.0525 0.1
0 0.311875 0.31555555555555553 0.03625 0.07111111111111111
0 0.2725 0.3411111111111111 0.05 0.12222222222222222
0 0.22625 0.41 0.055 0.10888888888888888
0 0.818125 0.5088888888888888 0.08875 0.11555555555555555
