0 0.740625 0.36333333333333334 0.05375 0.08222222222222222
0 0.875625 0.6144444444444445 0.08625 0.14888888888888888
0 0.79875 0.36 0.0475 0.08888888888888889
0 0.060625 0.6077777777777778 0.09125 0.14
0 0.77125 0.32 0.04 0.08444444444444445
0 0.481875 0.42777777777777776 0.04875 0.09111111111111111
0 0.174375 0.6 0.10625 0.16
0 0.380625 0.2822222222222222 0.03875 0.07555555555555556
0 0.564375 0.6122222222222222 0.08625 0.16666666666666666
0 0.300625 0.4255555555555556 0.06625 0.09111111111111111
0 0.55625 0.5033333333333333 0.07 0.11777777777777777
0 0.965 0.6111111111111112 0.065 0.14666666666666667
0 0.708125 0.32555555555555554 0.04375 0.07777777777777778
0 0.686875 0.2911111111111111 0.03625 0.06222222222222222
0 0.770625 0.3211111111111111 0.04125 0.08222222222222222
0 0.546875 0.43222222222222223 0.06125 0.09111111111111111
0 0.488125 0.35777777777777775 0.05875 0.09777777777777778
0 0.334375 0.3566666666666667 0.05625 0.08666666666666667
0 0.326875 0.2777777777777778 0.04625 0.08444444444444445
0 0.55375 0.36333333333333334 0.0575 0.08222222222222222
0 0.2725 0.35444444444444445 0.0525 0.09555555555555556
0 0.368125 0.31666666666666665 0.04125 0.07777777777777778
0 0.4425 0.6077777777777778 0.115 0.1711111111111111
0 0.154375 0.4955555555555556 0.08125 0.12444444444444444
0 0.225625 0.4122222222222222 0.05375 0.11333333333333333
0 0.739375 0.29 0.03625 0.06888888888888889
0 0.89875 0.5055555555555555 0.065 0.11777777777777777
0 0.764375 0.4177777777777778 0.05625 0.1111111111111111
0 0.496875 0.28555555555555556 0.04625 0.07333333333333333
0 0.8175 0.51 0.085 0.10888888888888888
0 0.840625 0.41888888888888887 0.05625 0.1
0 0.454375 0.4955555555555556 0.09875 0.14222222222222222
0 0.55125 0.3211111111111111 0.0575 0.07777777777777778
0 0.553125 0.2911111111111111 0.04375 0.057777777777777775
