0 0.898125 0.51 0.06625 0.11333333333333333
0 0.3825 0.2822222222222222 0.0375 0.07111111111111111
0 0.305625 0.3211111111111111 0.03625 0.06444444444444444
0 0.79875 0.35777777777777775 0.045 0.08888888888888889
0 0.496875 0.28555555555555556 0.04375 0.07333333333333333
0 0.553125 0.2922222222222222 0.04125 0.06
0 0.15125 0.49666666666666665 0.0775 0.12666666666666668
0 0.708125 0.3244444444444444 0.04375 0.08
0 0.334375 0.35888888888888887 0.05625 0.08222222222222222
0 0.76875 0.32 0.04 0.08
0 0.32875 0.27666666666666667 0.0425 0.08222222222222222
0 0.686875 0.2911111111111111 0.03625 0.06222222222222222
0 0.546875 0.4311111111111111 0.06875 0.09777777777777778
0 0.2975 0.4288888888888889 0.075 0.08888888888888889
0 0.48125 0.42333333333333334 0.0525 0.09555555555555556
0 0.565 0.6144444444444445 0.0875 0.16666666666666666
0 0.55375 0.36333333333333334 0.0575 0.08222222222222222
0 0.48625 0.3566666666666667 0.0575 0.09555555555555556
0 0.5525 0.3233333333333333 0.055 0.07777777777777778
0 0.875625 0.6166666666666667 0.08625 0.15333333333333332
0 0.0575 0.61 0.095 0.13555555555555557
0 0.839375 0.4166666666666667 0.06125 0.10444444444444445
0 0.455 0.4922222222222222 0.1 0.14
0 0.764375 0.4177777777777778 0.05625 0.1111111111111111
0 0.445 0.6044444444444445 0.0875 0.18222222222222223
0 0.155625 0.6166666666666667 0.07875 0.12666666666666668
0 0.739375 0.28888888888888886 0.03375 0.06666666666666667
0 0.965 0.61 0.065 0.15333333333333332
0 0.816875 0.51 0.08625 0.10888888888888888
0 0.56125 0.5133333333333333 0.07 0.10666666666666667
0 0.7425 0.36444444444444446 0.055 0.08
0 0.225 0.41555555555555557 0.0575 0.09777777777777778
0 0.273125 0.35555555555555557 0.05125 0.09333333333333334
0 0.368125 0.31777777777777777 0.04125 0.08
