0 0.33125 0.35777777777777775 0.0575 0.08888888888888889
0 0.7425 0.3611111111111111 0.055 0.08666666666666667
0 0.473125 0.43333333333333335 0.07125 0.08
0 0.225625 0.41444444444444445 0.05625 0.10444444444444445
0 0.3675 0.31777777777777777 0.0425 0.07555555555555556
0 0.74 0.29 0.0375 0.06888888888888889
0 0.48625 0.3566666666666667 0.055 0.09555555555555556
0 0.554375 0.5055555555555555 0.06625 0.11333333333333333
0 0.56375 0.6166666666666667 0.0875 0.15333333333333332
0 0.799375 0.35888888888888887 0.04625 0.09111111111111111
0 0.551875 0.32222222222222224 0.05625 0.08
0 0.295 0.4311111111111111 0.0775 0.08444444444444445
0 0.435625 0.5766666666666667 0.10875 0.23777777777777778
0 0.0525 0.6166666666666667 0.095 0.12222222222222222
0 0.3275 0.2811111111111111 0.045 0.08222222222222222
0 0.150625 0.5022222222222222 0.07875 0.12
0 0.551875 0.3622222222222222 0.05875 0.08444444444444445
0 0.495 0.29 0.04 0.06888888888888889
0 0.5475 0.43444444444444447 0.0775 0.09111111111111111
0 0.686875 0.2922222222222222 0.03875 0.06888888888888889
0 0.54875 0.29444444444444445 0.0525 0.06
0 0.27125 0.3566666666666667 0.055 0.09111111111111111
0 0.875625 0.6188888888888889 0.08875 0.14444444444444443
0 0.764375 0.4177777777777778 0.05625 0.10666666666666667
0 0.38 0.28444444444444444 0.04 0.07111111111111111
0 0.896875 0.51 0.06875 0.11333333333333333
0 0.158125 0.6011111111111112 0.08875 0.15777777777777777
0 0.965625 0.6111111111111112 0.06375 0.1511111111111111
0 0.70875 0.32555555555555554 0.0425 0.07333333333333333
0 0.30875 0.31666666666666665 0.04 0.06888888888888889
0 0.466875 0.49666666666666665 0.07625 0.13555555555555557
0 0.233125 0.49333333333333335 0.07375 0.12
0 0.815 0.5133333333333333 0.0875 0.10222222222222223
0 0.845625 0.4211111111111111 0.05625 0.09111111111111111
