0 0.55125 0.3211111111111111 0.0575 0.07777777777777778
0 0.235 0.4888888888888889 0.0675 0.13777777777777778
0 0.495625 0.2866666666666667 0.04125 0.07111111111111111
0 0.059375 0.6155555555555555 0.10375 0.1288888888888889
0 0.16 0.6077777777777778 0.0925 0.14444444444444443
0 0.306875 0.31777777777777777 0.03875 0.07111111111111111
0 0.27125 0.35555555555555557 0.05 0.09333333333333334
0 0.5525 0.35 0.0625 0.08666666666666667
0 0.36875 0.31777777777777777 0.04 0.07555555555555556
0 0.058125 0.9077777777777778 0.05875 0.12666666666666668
0 0.226875 0.4111111111111111 0.05375 0.10666666666666667
0 0.378125 0.2833333333333333 0.03375 0.06444444444444444
0 0.44625 0.57 0.1 0.24666666666666667
0 0.839375 0.42333333333333334 0.05625 0.09555555555555556
0 0.9625 0.61 0.0675 0.14888888888888888
0 0.798125 0.36 0.04875 0.09333333333333334
0 0.55 0.43333333333333335 0.08 0.09333333333333334
0 0.476875 0.43 0.06125 0.08666666666666667
0 0.741875 0.36333333333333334 0.04875 0.08666666666666667
0 0.56375 0.6133333333333333 0.09 0.16444444444444445
0 0.154375 0.5088888888888888 0.07375 0.10222222222222223
0 0.5525 0.36333333333333334 0.0625 0.08222222222222222
0 0.298125 0.4222222222222222 0.07125 0.10222222222222223
0 0.70875 0.3244444444444444 0.0425 0.08
0 0.329375 0.2777777777777778 0.03875 0.07555555555555556
0 0.68625 0.29444444444444445 0.04 0.06888888888888889
0 0.739375 0.29 0.03625 0.06888888888888889
0 0.555 0.5066666666666667 0.0675 0.10666666666666667
0 0.818125 0.5077777777777778 0.09125 0.11333333333333333
0 0.903125 0.5022222222222222 0.06875 0.1288888888888889
0 0.5525 0.2866666666666667 0.0575 0.07111111111111111
0 0.903125 0.4988888888888889 0.06875 0.13111111111111112
0 0.4875 0.35555555555555557 0.0575 0.09777777777777778
0 0.875 0.62 0.0875 0.14666666666666667
0 0.769375 0.32 0.04125 0.08444444444444445
0 0.3375 0.35333333333333333 0.05 0.09777777777777778
0 0.7625 0.4211111111111111 0.0575 0.10444444444444445
