0 0.79875 0.36 0.0475 0.09333333333333334
0 0.4775 0.43222222222222223 0.0575 0.08222222222222222
0 0.15 0.49666666666666665 0.0825 0.12666666666666668
0 0.74125 0.36333333333333334 0.05 0.08666666666666667
0 0.70875 0.3244444444444444 0.045 0.08
0 0.23875 0.4911111111111111 0.0775 0.14222222222222222
0 0.225625 0.4122222222222222 0.05375 0.10888888888888888
0 0.16625 0.6 0.1 0.16444444444444445
0 0.685625 0.2922222222222222 0.03875 0.06888888888888889
0 0.848125 0.42444444444444446 0.05625 0.08888888888888889
0 0.763125 0.4211111111111111 0.05875 0.10444444444444445
0 0.4375 0.6066666666666667 0.095 0.18666666666666668
0 0.875625 0.6177777777777778 0.08625 0.1511111111111111
0 0.27125 0.35888888888888887 0.05 0.08222222222222222
0 0.4575 0.4955555555555556 0.0975 0.1511111111111111
0 0.495625 0.2877777777777778 0.04125 0.06888888888888889
0 0.3375 0.35333333333333333 0.0525 0.10222222222222223
0 0.0625 0.6066666666666667 0.105 0.1511111111111111
0 0.550625 0.43555555555555553 0.07875 0.09777777777777778
0 0.553125 0.36444444444444446 0.06125 0.08888888888888889
0 0.55375 0.5033333333333333 0.065 0.11333333333333333
0 0.551875 0.3244444444444444 0.05625 0.06666666666666667
0 0.488125 0.3522222222222222 0.05625 0.10444444444444445
0 0.553125 0.2911111111111111 0.05625 0.057777777777777775
0 0.564375 0.6144444444444445 0.08875 0.16666666666666666
0 0.298125 0.4222222222222222 0.07125 0.10222222222222223
0 0.33 0.2777777777777778 0.0375 0.07555555555555556
0 0.9625 0.6233333333333333 0.07 0.11777777777777777
0 0.38125 0.2811111111111111 0.04 0.07777777777777778
0 0.74 0.29 0.0375 0.06888888888888889
0 0.36875 0.31555555555555553 0.04 0.08
0 0.905 0.5033333333333333 0.07 0.11777777777777777
0 0.770625 0.32 0.04125 0.08444444444444445
0 0.815625 0.5077777777777778 0.08875 0.11333333333333333
0 0.3075 0.3188888888888889 0.0375 0.07333333333333333
