0 0.5525 0.4288888888888889 0.08 0.1111111111111111
0 0.55375 0.2911111111111111 0.055 0.06222222222222222
0 0.16625 0.6 0.1 0.16
0 0.74125 0.36333333333333334 0.05 0.08666666666666667
0 0.7075 0.3244444444444444 0.045 0.08
0 0.47625 0.43222222222222223 0.0575 0.08666666666666667
0 0.9625 0.6144444444444445 0.07 0.14
0 0.55375 0.36666666666666664 0.0575 0.08444444444444445
0 0.77125 0.32 0.0425 0.08888888888888889
0 0.489375 0.35444444444444445 0.05875 0.10444444444444445
0 0.24 0.4888888888888889 0.0775 0.14222222222222222
0 0.231875 0.41 0.05875 0.11333333333333333
0 0.38375 0.28444444444444444 0.0425 0.08
0 0.36875 0.31555555555555553 0.0425 0.08444444444444445
0 0.33875 0.3511111111111111 0.0525 0.10222222222222223
0 0.456875 0.49666666666666665 0.09875 0.14888888888888888
0 0.685625 0.29555555555555557 0.03875 0.06222222222222222
0 0.565625 0.61 0.09125 0.16666666666666666
0 0.876875 0.6188888888888889 0.08875 0.15777777777777777
0 0.29875 0.42333333333333334 0.0725 0.1
0 0.848125 0.4266666666666667 0.05875 0.08888888888888889
0 0.06125 0.6044444444444445 0.1025 0.1511111111111111
0 0.76375 0.4211111111111111 0.0575 0.10444444444444445
0 0.495625 0.28888888888888886 0.04375 0.07111111111111111
0 0.739375 0.29333333333333333 0.03625 0.07111111111111111
0 0.329375 0.2777777777777778 0.03875 0.08
0 0.3075 0.32 0.04 0.07555555555555556
0 0.150625 0.4988888888888889 0.08625 0.12222222222222222
0 0.816875 0.5077777777777778 0.08875 0.11333333333333333
0 0.798125 0.35888888888888887 0.04875 0.09555555555555556
0 0.555625 0.5055555555555555 0.06625 0.11333333333333333
0 0.2725 0.36 0.0475 0.08
0 0.4375 0.6055555555555555 0.095 0.18
0 0.904375 0.5066666666666667 0.07375 0.12
0 0.308125 0.32 0.03875 0.07555555555555556
