0 0.758125 0.4222222222222222 0.06125 0.10666666666666667
0 0.684375 0.2911111111111111 0.04125 0.07111111111111111
0 0.436875 0.61 0.09375 0.18
0 0.2425 0.49333333333333335 0.0725 0.13777777777777778
0 0.74 0.2866666666666667 0.035 0.07111111111111111
0 0.556875 0.32555555555555554 0.06125 0.06888888888888889
0 0.813125 0.5033333333333333 0.08625 0.11777777777777777
0 0.299375 0.4211111111111111 0.06125 0.1
0 0.335625 0.3566666666666667 0.05625 0.09555555555555556
0 0.4575 0.49 0.0825 0.14888888888888888
0 0.740625 0.3622222222222222 0.04625 0.08888888888888889
0 0.483125 0.42777777777777776 0.04625 0.09555555555555556
0 0.331875 0.27444444444444444 0.03625 0.07333333333333333
0 0.49625 0.28444444444444444 0.045 0.07111111111111111
0 0.874375 0.6133333333333333 0.07625 0.16
0 0.963125 0.6111111111111112 0.06875 0.14666666666666667
0 0.554375 0.36 0.06625 0.08888888888888889
0 0.553125 0.28444444444444444 0.05125 0.06666666666666667
0 0.849375 0.4311111111111111 0.06125 0.09333333333333334
0 0.70875 0.32 0.045 0.08
0 0.56375 0.6144444444444445 0.095 0.16666666666666666
0 0.149375 0.61 0.09125 0.14888888888888888
0 0.1525 0.4922222222222222 0.0775 0.13555555555555557
0 0.9 0.5055555555555555 0.065 0.13555555555555557
0 0.76875 0.3211111111111111 0.04 0.08222222222222222
0 0.54625 0.43444444444444447 0.0675 0.09111111111111111
0 0.486875 0.3566666666666667 0.05375 0.1
0 0.37 0.31222222222222223 0.04 0.08666666666666667
0 0.56125 0.4988888888888889 0.065 0.13111111111111112
0 0.269375 0.35555555555555557 0.05125 0.08888888888888889
0 0.225 0.41444444444444445 0.0575 0.10888888888888888
0 0.37875 0.2877777777777778 0.04 0.06888888888888889
0 0.06 0.6033333333333334 0.1025 0.18444444444444444
0 0.30625 0.3111111111111111 0.04 0.08444444444444445
0 0.7975 0.3511111111111111 0.05 0.10222222222222223
