0 0.5 0.33 0.0475 0.06444444444444444
0 0.89375 0.5044444444444445 0.07 0.1288888888888889
0 0.876875 0.6133333333333333 0.07875 0.16
0 0.273125 0.35555555555555557 0.03875 0.08444444444444445
0 0.7075 0.32 0.045 0.08444444444444445
0 0.551875 0.3111111111111111 0.05375 0.08444444444444445
0 0.299375 0.39 0.05125 0.15333333333333332
0 0.488125 0.3566666666666667 0.05125 0.09555555555555556
0 0.558125 0.5088888888888888 0.06375 0.11555555555555555
0 0.38625 0.28555555555555556 0.035 0.06444444444444444
0 0.225 0.41 0.0525 0.11333333333333333
0 0.445 0.6044444444444445 0.09 0.18666666666666668
0 0.058125 0.6011111111111112 0.09875 0.1711111111111111
0 0.74 0.29333333333333333 0.04 0.07111111111111111
0 0.366875 0.31555555555555553 0.03875 0.08444444444444445
0 0.481875 0.4266666666666667 0.05125 0.09333333333333334
0 0.148125 0.6077777777777778 0.08625 0.15333333333333332
0 0.75875 0.41888888888888887 0.0675 0.10888888888888888
0 0.154375 0.4888888888888889 0.07125 0.13777777777777778
0 0.496875 0.2866666666666667 0.04625 0.06666666666666667
0 0.96625 0.6222222222222222 0.0675 0.16
0 0.33125 0.27666666666666667 0.035 0.06888888888888889
0 0.73875 0.3622222222222222 0.045 0.08888888888888889
0 0.5475 0.43555555555555553 0.06 0.09777777777777778
0 0.77125 0.3244444444444444 0.0375 0.08444444444444445
0 0.455 0.4922222222222222 0.0875 0.14444444444444443
0 0.840625 0.4311111111111111 0.06875 0.09333333333333334
0 0.68625 0.29333333333333333 0.035 0.06222222222222222
0 0.56 0.6177777777777778 0.0875 0.15555555555555556
0 0.79875 0.35777777777777775 0.0475 0.09333333333333334
0 0.81 0.5033333333333333 0.0825 0.11777777777777777
0 0.239375 0.4922222222222222 0.07625 0.14444444444444443
0 0.556875 0.35888888888888887 0.06625 0.10444444444444445
