0 0.73875 0.36444444444444446 0.0475 0.09333333333333334
0 0.8925 0.5055555555555555 0.0725 0.12222222222222222
0 0.225 0.41555555555555557 0.055 0.10666666666666667
0 0.301875 0.4 0.06125 0.16
0 0.38625 0.28888888888888886 0.035 0.06222222222222222
0 0.388125 0.29 0.03625 0.06
0 0.489375 0.35888888888888887 0.05375 0.09555555555555556
0 0.554375 0.29888888888888887 0.05375 0.05555555555555555
0 0.15125 0.6055555555555555 0.0925 0.14888888888888888
0 0.443125 0.6044444444444445 0.08625 0.18666666666666668
0 0.561875 0.6233333333333333 0.09125 0.15777777777777777
0 0.483125 0.42777777777777776 0.05375 0.09555555555555556
0 0.548125 0.4388888888888889 0.05875 0.1
0 0.155625 0.4922222222222222 0.06875 0.14
0 0.45625 0.4955555555555556 0.09 0.14666666666666667
0 0.815 0.5122222222222222 0.09 0.12666666666666668
0 0.5575 0.3622222222222222 0.0675 0.10222222222222223
0 0.880625 0.6188888888888889 0.07375 0.15777777777777777
0 0.3675 0.31666666666666665 0.0375 0.07777777777777778
0 0.771875 0.32555555555555554 0.03875 0.08222222222222222
0 0.498125 0.28888888888888886 0.04625 0.06666666666666667
0 0.559375 0.5088888888888888 0.06375 0.1111111111111111
0 0.686875 0.29444444444444445 0.03875 0.06444444444444444
0 0.760625 0.4266666666666667 0.06875 0.1111111111111111
0 0.240625 0.4922222222222222 0.07625 0.14444444444444443
0 0.70875 0.3244444444444444 0.045 0.08444444444444445
0 0.74 0.29555555555555557 0.04 0.07555555555555556
0 0.3325 0.2777777777777778 0.035 0.07555555555555556
0 0.965625 0.6266666666666667 0.06625 0.1688888888888889
0 0.059375 0.6022222222222222 0.10125 0.17333333333333334
0 0.503125 0.3288888888888889 0.04375 0.07111111111111111
0 0.2725 0.35777777777777775 0.04 0.08444444444444445
0 0.845 0.43222222222222223 0.07 0.09555555555555556
0 0.799375 0.36 0.04875 0.09777777777777778
