0 0.556875 0.3566666666666667 0.06375 0.10444444444444445
0 0.1475 0.6055555555555555 0.085 0.15333333333333332
0 0.739375 0.3622222222222222 0.04375 0.08888888888888889
0 0.225625 0.41333333333333333 0.05625 0.11555555555555555
0 0.68875 0.29555555555555557 0.0375 0.057777777777777775
0 0.81125 0.5077777777777778 0.0875 0.11333333333333333
0 0.058125 0.5955555555555555 0.10625 0.18222222222222223
0 0.50375 0.3233333333333333 0.04 0.07333333333333333
0 0.89375 0.5033333333333333 0.07 0.11777777777777777
0 0.32875 0.27666666666666667 0.0425 0.07333333333333333
0 0.239375 0.49333333333333335 0.07625 0.14666666666666667
0 0.480625 0.4266666666666667 0.05375 0.09333333333333334
0 0.708125 0.3211111111111111 0.04375 0.08222222222222222
0 0.15375 0.4888888888888889 0.07 0.14666666666666667
0 0.798125 0.3566666666666667 0.04875 0.09555555555555556
0 0.55375 0.2966666666666667 0.0525 0.07333333333333333
0 0.83875 0.4288888888888889 0.0825 0.08888888888888889
0 0.274375 0.35555555555555557 0.04125 0.08444444444444445
0 0.56 0.6166666666666667 0.09 0.15777777777777777
0 0.758125 0.41888888888888887 0.06875 0.11333333333333333
0 0.54625 0.43333333333333335 0.06 0.09777777777777778
0 0.559375 0.5055555555555555 0.06375 0.11777777777777777
0 0.444375 0.6022222222222222 0.08625 0.18666666666666668
0 0.49875 0.28444444444444444 0.045 0.06666666666666667
0 0.454375 0.49 0.08625 0.13111111111111112
0 0.770625 0.32222222222222224 0.03875 0.08444444444444445
0 0.300625 0.42 0.06625 0.10222222222222223
0 0.963125 0.6355555555555555 0.06625 0.15555555555555556
0 0.4875 0.3566666666666667 0.0525 0.09555555555555556
0 0.73875 0.29555555555555557 0.0375 0.07111111111111111
0 0.87375 0.6122222222222222 0.0825 0.1622222222222222
