0 0.058125 0.61 0.10125 0.14444444444444443
0 0.324375 0.2833333333333333 0.04375 0.07333333333333333
0 0.556875 0.29555555555555557 0.05375 0.06222222222222222
0 0.49875 0.2911111111111111 0.045 0.06222222222222222
0 0.164375 0.6388888888888888 0.11125 0.12222222222222222
0 0.154375 0.5022222222222222 0.08375 0.1288888888888889
0 0.89625 0.5055555555555555 0.075 0.14
0 0.56375 0.6355555555555555 0.1075 0.16
0 0.49125 0.33 0.05 0.06444444444444444
0 0.800625 0.36666666666666664 0.05875 0.07555555555555556
0 0.479375 0.4266666666666667 0.06375 0.09777777777777778
0 0.876875 0.6477777777777778 0.12625 0.12222222222222222
0 0.33625 0.3611111111111111 0.065 0.09111111111111111
0 0.55375 0.33444444444444443 0.055 0.06888888888888889
0 0.245 0.5077777777777778 0.0875 0.11333333333333333
0 0.295 0.4311111111111111 0.0775 0.09333333333333334
0 0.466875 0.5211111111111111 0.11375 0.1
0 0.55625 0.37222222222222223 0.0725 0.07777777777777778
0 0.695 0.29333333333333333 0.0525 0.08444444444444445
0 0.45625 0.6266666666666667 0.105 0.1511111111111111
0 0.843125 0.4388888888888889 0.07375 0.08222222222222222
0 0.81125 0.5244444444444445 0.0875 0.10222222222222223
0 0.75125 0.29888888888888887 0.0525 0.06888888888888889
0 0.30375 0.32 0.0475 0.07111111111111111
0 0.221875 0.4166666666666667 0.06375 0.11777777777777777
0 0.56875 0.5244444444444445 0.0875 0.09777777777777778
0 0.26875 0.36666666666666664 0.05 0.07111111111111111
0 0.485 0.3655555555555556 0.055 0.08222222222222222
0 0.3775 0.29555555555555557 0.045 0.057777777777777775
0 0.7625 0.4166666666666667 0.06 0.11777777777777777
0 0.365625 0.32555555555555554 0.04875 0.06444444444444444
0 0.553125 0.43555555555555553 0.07625 0.09333333333333334
